# channels number
3
# samples number
100
# sampling rate
1
# start date
01-01-0001
# start time
00:00:00.000
# channels names
Model_6_1;Model_3_1;Model_4_1
0 1 0
0.06666667 0.97 0.309017
0.1333333 0.9409 0.5877852
0.2 0.912673 0.809017
0.2666667 0.8852928 0.9510565
0.3333333 0.858734 1
0.4 0.832972 0.9510565
0.4666667 0.8079829 0.809017
0.5333334 0.7837434 0.5877852
0.6 0.7602311 0.309017
0.6666667 0.7374241 1.224606E-16
0.7333333 0.7153014 -0.309017
0.8 0.6938424 -0.5877852
0.8666667 0.6730271 -0.809017
0.9333333 0.6528363 -0.9510565
0 0.6332512 -1
0.06666667 0.6142536 -0.9510565
0.1333333 0.595826 -0.809017
0.2 0.5779513 -0.5877852
0.2666667 0.5606127 -0.309017
0.3333333 0.5437943 -2.449213E-16
0.4 0.5274805 0.309017
0.4666667 0.5116561 0.5877852
0.5333334 0.4963064 0.809017
0.6 0.4814172 0.9510565
0.6666667 0.4669747 1
0.7333333 0.4529655 0.9510565
0.8 0.4393765 0.809017
0.8666667 0.4261952 0.5877852
0.9333333 0.4134094 0.309017
0 0.4010071 3.673819E-16
0.06666667 0.3889768 -0.309017
0.1333333 0.3773076 -0.5877852
0.2 0.3659883 -0.809017
0.2666667 0.3550087 -0.9510565
0.3333333 0.3443584 -1
0.4 0.3340276 -0.9510565
0.4666667 0.3240068 -0.809017
0.5333334 0.3142866 -0.5877852
0.6 0.304858 -0.309017
0.6666667 0.2957123 -4.898425E-16
0.7333333 0.2868409 0.309017
0.8 0.2782357 0.5877852
0.8666667 0.2698886 0.809017
0.9333333 0.261792 0.9510565
0 0.2539382 1
0.06666667 0.2463201 0.9510565
0.1333333 0.2389304 0.809017
0.2 0.2317625 0.5877852
0.2666667 0.2248097 0.309017
0.3333333 0.2180654 6.123032E-16
0.4 0.2115234 -0.309017
0.4666667 0.2051777 -0.5877852
0.5333334 0.1990224 -0.809017
0.6 0.1930517 -0.9510565
0.6666667 0.1872602 -1
0.7333333 0.1816424 -0.9510565
0.8 0.1761931 -0.809017
0.8666667 0.1709073 -0.5877852
0.9333333 0.1657801 -0.309017
0 0.1608067 -7.347638E-16
0.06666667 0.1559825 0.309017
0.1333333 0.151303 0.5877852
0.2 0.1467639 0.809017
0.2666667 0.142361 0.9510565
0.3333333 0.1380902 1
0.4 0.1339474 0.9510565
0.4666667 0.129929 0.809017
0.5333334 0.1260312 0.5877852
0.6 0.1222502 0.309017
0.6666667 0.1185827 8.572244E-16
0.7333333 0.1150252 -0.309017
0.8 0.1115745 -0.5877852
0.8666667 0.1082272 -0.809017
0.9333333 0.1049804 -0.9510565
0 0.101831 -1
0.06666667 0.09877609 -0.9510565
0.1333333 0.0958128 -0.809017
0.2 0.09293842 -0.5877852
0.2666667 0.09015027 -0.309017
0.3333333 0.08744576 -9.796851E-16
0.4 0.08482239 0.309017
0.4666667 0.08227772 0.5877852
0.5333334 0.07980938 0.809017
0.6 0.0774151 0.9510565
0.6666667 0.07509264 1
0.7333333 0.07283987 0.9510565
0.8 0.07065467 0.809017
0.8666667 0.06853503 0.5877852
0.9333333 0.06647898 0.309017
0 0.06448461 1.102146E-15
0.06666667 0.06255008 -0.309017
0.1333333 0.06067357 -0.5877852
0.2 0.05885336 -0.809017
0.2666667 0.05708776 -0.9510565
0.3333333 0.05537513 -1
0.4 0.05371388 -0.9510565
0.4666667 0.05210246 -0.809017
0.5333334 0.05053939 -0.5877852
0.6 0.0490232 -0.309017
